-2	-2	8
-2	-1.75	8
-2	-1.5	8
-2	-1.25	8
-2	-1	8
-2	-0.75	8
-2	-0.5	9
-2	-0.25	11
-2	0	10
-2	0.25	11
-2	0.5	9
-2	0.75	8
-2	1	8
-2	1.25	8
-2	1.5	8
-2	1.75	8
-2	2	8
-1.75	-2	7
-1.75	-1.75	7
-1.75	-1.5	7
-1.75	-1.25	7
-1.75	-1	7
-1.75	-0.75	8
-1.75	-0.5	9
-1.75	-0.25	16
-1.75	0	9
-1.75	0.25	16
-1.75	0.5	9
-1.75	0.75	8
-1.75	1	7
-1.75	1.25	7
-1.75	1.5	7
-1.75	1.75	7
-1.75	2	7
-1.5	-2	7
-1.5	-1.75	7
-1.5	-1.5	7
-1.5	-1.25	7
-1.5	-1	7
-1.5	-0.75	7
-1.5	-0.5	8
-1.5	-0.25	10
-1.5	0	16
-1.5	0.25	10
-1.5	0.5	8
-1.5	0.75	7
-1.5	1	7
-1.5	1.25	7
-1.5	1.5	7
-1.5	1.75	7
-1.5	2	7
-1.25	-2	7
-1.25	-1.75	7
-1.25	-1.5	7
-1.25	-1.25	6
-1.25	-1	6
-1.25	-0.75	7
-1.25	-0.5	7
-1.25	-0.25	25
-1.25	0	9
-1.25	0.25	25
-1.25	0.5	7
-1.25	0.75	7
-1.25	1	6
-1.25	1.25	6
-1.25	1.5	7
-1.25	1.75	7
-1.25	2	7
-1	-2	7
-1	-1.75	7
-1	-1.5	6
-1	-1.25	6
-1	-1	6
-1	-0.75	6
-1	-0.5	7
-1	-0.25	9
-1	0	9
-1	0.25	9
-1	0.5	7
-1	0.75	6
-1	1	6
-1	1.25	6
-1	1.5	6
-1	1.75	7
-1	2	7
-0.75	-2	7
-0.75	-1.75	6
-0.75	-1.5	6
-0.75	-1.25	6
-0.75	-1	5
-0.75	-0.75	5
-0.75	-0.5	6
-0.75	-0.25	9
-0.75	0	16
-0.75	0.25	9
-0.75	0.5	6
-0.75	0.75	5
-0.75	1	5
-0.75	1.25	6
-0.75	1.5	6
-0.75	1.75	6
-0.75	2	7
-0.5	-2	7
-0.5	-1.75	6
-0.5	-1.5	6
-0.5	-1.25	5
-0.5	-1	5
-0.5	-0.75	5
-0.5	-0.5	6
-0.5	-0.25	10
-0.5	0	2
-0.5	0.25	10
-0.5	0.5	6
-0.5	0.75	5
-0.5	1	5
-0.5	1.25	5
-0.5	1.5	6
-0.5	1.75	6
-0.5	2	7
-0.25	-2	7
-0.25	-1.75	7
-0.25	-1.5	6
-0.25	-1.25	6
-0.25	-1	5
-0.25	-0.75	6
-0.25	-0.5	7
-0.25	-0.25	9
-0.25	0	10
-0.25	0.25	9
-0.25	0.5	7
-0.25	0.75	6
-0.25	1	5
-0.25	1.25	6
-0.25	1.5	6
-0.25	1.75	7
-0.25	2	7
0	-2	7
0	-1.75	7
0	-1.5	7
0	-1.25	7
0	-1	6
0	-0.75	7
0	-0.5	10
0	-0.25	21
0	0	2
0	0.25	21
0	0.5	10
0	0.75	7
0	1	6
0	1.25	7
0	1.5	7
0	1.75	7
0	2	7
0.25	-2	8
0.25	-1.75	8
0.25	-1.5	8
0.25	-1.25	8
0.25	-1	8
0.25	-0.75	13
0.25	-0.5	7
0.25	-0.25	9
0.25	0	10
0.25	0.25	9
0.25	0.5	7
0.25	0.75	13
0.25	1	8
0.25	1.25	8
0.25	1.5	8
0.25	1.75	8
0.25	2	8
0.5	-2	9
0.5	-1.75	9
0.5	-1.5	9
0.5	-1.25	13
0.5	-1	8
0.5	-0.75	22
0.5	-0.5	10
0.5	-0.25	8
0.5	0	7
0.5	0.25	8
0.5	0.5	10
0.5	0.75	22
0.5	1	8
0.5	1.25	13
0.5	1.5	9
0.5	1.75	9
0.5	2	9
0.75	-2	12
0.75	-1.75	22
0.75	-1.5	12
0.75	-1.25	20
0.75	-1	9
0.75	-0.75	9
0.75	-0.5	7
0.75	-0.25	6
0.75	0	5
0.75	0.25	6
0.75	0.5	7
0.75	0.75	9
0.75	1	9
0.75	1.25	20
0.75	1.5	12
0.75	1.75	22
0.75	2	12
1	-2	23
1	-1.75	11
1	-1.5	10
1	-1.25	10
1	-1	9
1	-0.75	7
1	-0.5	6
1	-0.25	5
1	0	1
1	0.25	5
1	0.5	6
1	0.75	7
1	1	9
1	1.25	10
1	1.5	10
1	1.75	11
1	2	23
1.25	-2	21
1.25	-1.75	13
1.25	-1.5	13
1.25	-1.25	9
1.25	-1	8
1.25	-0.75	7
1.25	-0.5	6
1.25	-0.25	5
1.25	0	5
1.25	0.25	5
1.25	0.5	6
1.25	0.75	7
1.25	1	8
1.25	1.25	9
1.25	1.5	13
1.25	1.75	13
1.25	2	21
1.5	-2	12
1.5	-1.75	10
1.5	-1.5	9
1.5	-1.25	8
1.5	-1	7
1.5	-0.75	7
1.5	-0.5	6
1.5	-0.25	6
1.5	0	6
1.5	0.25	6
1.5	0.5	6
1.5	0.75	7
1.5	1	7
1.5	1.25	8
1.5	1.5	9
1.5	1.75	10
1.5	2	12
1.75	-2	10
1.75	-1.75	9
1.75	-1.5	9
1.75	-1.25	8
1.75	-1	7
1.75	-0.75	7
1.75	-0.5	7
1.75	-0.25	6
1.75	0	6
1.75	0.25	6
1.75	0.5	7
1.75	0.75	7
1.75	1	7
1.75	1.25	8
1.75	1.5	9
1.75	1.75	9
1.75	2	10
2	-2	10
2	-1.75	9
2	-1.5	8
2	-1.25	8
2	-1	7
2	-0.75	7
2	-0.5	7
2	-0.25	7
2	0	7
2	0.25	7
2	0.5	7
2	0.75	7
2	1	7
2	1.25	8
2	1.5	8
2	1.75	9
2	2	10
