-3	0.00137863	-0.99525	0.995251
-2.93939	0.00137863	-0.99525	0.995251
-2.87879	0.00219068	-0.994866	0.994868
-2.81818	0.0031525	-0.994545	0.99455
-2.75758	0.00427352	-0.994316	0.994325
-2.69697	0.00556067	-0.994211	0.994226
-2.63636	0.00701745	-0.994266	0.994291
-2.57576	0.00864297	-0.994525	0.994562
-2.51515	0.0104308	-0.995034	0.995088
-2.45455	0.0123675	-0.995845	0.995922
-2.39394	0.0144314	-0.997016	0.99712
-2.33333	0.0165908	-0.998607	0.998744
-2.27273	0.018802	-1.00068	1.00086
-2.21212	0.0210073	-1.00331	1.00353
-2.15152	0.0231327	-1.00657	1.00683
-2.09091	0.0250852	-1.01051	1.01083
-2.0303	0.0267497	-1.01522	1.01557
-1.9697	0.0279864	-1.02075	1.02113
-1.90909	0.028627	-1.02715	1.02755
-1.84848	0.0284712	-1.03446	1.03485
-1.78788	0.0272838	-1.04269	1.04304
-1.72727	0.0247915	-1.05182	1.05211
-1.66667	0.0206814	-1.06179	1.06199
-1.60606	0.0146007	-1.07248	1.07258
-1.54545	0.0061608	-1.08369	1.0837
-1.48485	-0.00505479	-1.09511	1.09512
-1.42424	-0.0194743	-1.10633	1.1065
-1.36364	-0.0375114	-1.11677	1.1174
-1.30303	-0.0595261	-1.12569	1.12726
-1.24242	-0.0857687	-1.13214	1.13538
-1.18182	-0.116308	-1.135	1.14094
-1.12121	-0.150948	-1.13298	1.14299
-1.06061	-0.189135	-1.12469	1.14048
-1	-0.229886	-1.10874	1.13232
-0.939394	-0.271753	-1.08392	1.11747
-0.878788	-0.312848	-1.04937	1.09501
-0.818182	-0.350967	-1.00473	1.06426
-0.757576	-0.383781	-0.950322	1.02489
-0.69697	-0.409108	-0.887161	0.976946
-0.636364	-0.425166	-0.816859	0.920883
-0.575758	-0.430783	-0.741441	0.857501
-0.515152	-0.425487	-0.663078	0.787853
-0.454545	-0.409489	-0.583824	0.713114
-0.393939	-0.383553	-0.505405	0.634466
-0.333333	-0.348827	-0.429089	0.55299
-0.272727	-0.306661	-0.355652	0.469605
-0.212121	-0.25845	-0.285401	0.385033
-0.151515	-0.205538	-0.218247	0.299796
-0.0909091	-0.149154	-0.153791	0.21424
-0.030303	-0.0904049	-0.0914066	0.128562
0.030303	-0.0302845	-0.0303216	0.0428549
0.0909091	0.0302845	0.0303216	0.0428549
0.151515	0.0904049	0.0914066	0.128562
0.212121	0.149154	0.153791	0.21424
0.272727	0.205538	0.218247	0.299796
0.333333	0.25845	0.285401	0.385033
0.393939	0.306661	0.355652	0.469605
0.454545	0.348827	0.429089	0.55299
0.515152	0.383553	0.505405	0.634466
0.575758	0.409489	0.583824	0.713114
0.636364	0.425487	0.663078	0.787853
0.69697	0.430783	0.741441	0.857501
0.757576	0.425166	0.816859	0.920883
0.818182	0.409108	0.887161	0.976946
0.878788	0.383781	0.950322	1.02489
0.939394	0.350967	1.00473	1.06426
1	0.312848	1.04937	1.09501
1.06061	0.271753	1.08392	1.11747
1.12121	0.229886	1.10874	1.13232
1.18182	0.189135	1.12469	1.14048
1.24242	0.150948	1.13298	1.14299
1.30303	0.116308	1.135	1.14094
1.36364	0.0857687	1.13214	1.13538
1.42424	0.0595261	1.12569	1.12726
1.48485	0.0375114	1.11677	1.1174
1.54545	0.0194743	1.10633	1.1065
1.60606	0.00505479	1.09511	1.09512
1.66667	-0.0061608	1.08369	1.0837
1.72727	-0.0146007	1.07248	1.07258
1.78788	-0.0206814	1.06179	1.06199
1.84848	-0.0247915	1.05182	1.05211
1.90909	-0.0272838	1.04269	1.04304
1.9697	-0.0284712	1.03446	1.03485
2.0303	-0.028627	1.02715	1.02755
2.09091	-0.0279864	1.02075	1.02113
2.15152	-0.0267497	1.01522	1.01557
2.21212	-0.0250852	1.01051	1.01083
2.27273	-0.0231327	1.00657	1.00683
2.33333	-0.0210073	1.00331	1.00353
2.39394	-0.018802	1.00068	1.00086
2.45455	-0.0165908	0.998607	0.998744
2.51515	-0.0144314	0.997016	0.99712
2.57576	-0.0123675	0.995845	0.995922
2.63636	-0.0104308	0.995034	0.995088
2.69697	-0.00864297	0.994525	0.994562
2.75758	-0.00701745	0.994266	0.994291
2.81818	-0.00556067	0.994211	0.994226
2.87879	-0.00427352	0.994316	0.994325
2.93939	-0.0031525	0.994545	0.99455
3	-0.00219068	0.994866	0.994868
3.06061	-0.00137863	0.99525	0.995251
